
0 WRITE Author: Michael Horvath
0 This work is licensed under a Creative Commons Attribution-ShareAlike 4.0
0 International License. You should have received a copy of the license along
0 with this work. If not, see <http://creativecommons.org/licenses/by-sa/4.0/>.
0 ROTATION CENTER 0 0 0 1 "Custom"
0 ROTATION CONFIG 0 0
0 Name: complete.dat

0 ROTATION CENTER 0 0 0 1 "Custom"
0 ROTATION CONFIG 0 0
0 Name: front.dat
1 4 20 0 0 1 0 0 0 1 0 0 0 1 6153.dat
1 4 20 32 10 0 0 1 0 1 0 -1 0 0 3795.dat
1 4 20 24 30 0 0 1 0 1 0 -1 0 0 3795.dat
0 New Model
0 Name: driver.dat
0 Author: Michael Horvath
0 Unofficial Model
0 ROTATION CENTER 0 0 0 1 "Custom"
0 ROTATION CONFIG 0 0
1 0 40 15 39 1 0 0 0 0 1 0 -1 0 3816.dat
1 0 0 15 39 1 0 0 0 0 1 0 -1 0 3817.dat
0 New Minifig Model
0 Name: torso.dat
0 Author: Michael Horvath
0 Unofficial Model
0 ROTATION CENTER 0 0 0 1 "Custom"
0 ROTATION CONFIG 0 0
1 0 20 -24.003168 94.702336 1 0 0 0 .573576 .819152 0 -.819152 .573576 2446.dat
1 47 20 -24.003168 94.702336 1 0 0 0 .573576 .819152 0 -.819152 .573576 2447.dat
1 14 20 -24.003168 94.702336 1 0 0 0 .573576 .819152 0 -.819152 .573576 3626bp04.dat
1 0 20 -10.237344 75.042688 1 0 0 0 .573576 .819152 0 -.819152 .573576 973.dat
1 0 20 8.117088 48.829824 1 0 0 0 .573576 .819152 0 -.819152 .573576 3815.dat
1 0 4.448 -5.07516 67.67032 .985 -.17 0 .09750792 .56497236 .819152 -.13925584 -.80686472 .573576 3818.dat
1 0 35.552 -5.07516 67.67032 .985 .17 0 -.09750792 .56497236 .819152 .13925584 -.80686472 .573576 3819.dat
1 0 -3.8634 -3.4372139264 47.3369711728 .985 -.12019 .12019 .09750792 .9785759225 .1797050055 -.13925584 -.164935125 .975971589 3820.dat
1 0 43.8634 -3.4372139264 47.3369711728 .985 .12019 -.12019 -.09750792 .9785759225 .1797050055 .13925584 -.164935125 .975971589 3820.dat




1 4 20 0 100 1 0 0 0 1 0 0 0 1 3298.dat
1 4 20 24 -50 1 0 0 0 1 0 0 0 1 4859.dat
1 4 50 24 70 0 0 1 0 1 0 -1 0 0 3460.dat
1 4 -10 24 70 0 0 1 0 1 0 -1 0 0 3460.dat
1 4 50 0 70 0 0 1 0 1 0 -1 0 0 4865a.dat
1 4 -10 0 70 0 0 -1 0 1 0 1 0 0 4865a.dat
1 4 -10 0 120 0 0 1 0 1 0 -1 0 0 3005.dat
1 4 50 0 120 0 0 1 0 1 0 -1 0 0 3005.dat
1 4 50 0 100 0 0 1 0 1 0 -1 0 0 6231.dat
1 4 -10 0 100 1 0 0 0 1 0 0 0 1 6231.dat
1 4 20 0 140 -1 0 0 0 1 0 0 0 -1 2399.dat
1 47 20 0 20 1 0 0 0 1 0 0 0 1 30384.dat
1 4 20 0 150 0 0 1 0 1 0 -1 0 0 3020.dat
1 4 20 -32 120 1 0 0 0 1 0 0 0 1 3069b.dat
1 4 20 8 130 1 0 0 0 1 0 0 0 1 8.dat
1 4 20 32 130 1 0 0 0 1 0 0 0 1 3464.dat
1 0 20 32 130 0 0 1 0 1 0 -1 0 0 3641.dat
1 4 10 -32 120 0 0 1 0 1 0 -1 0 0 6091.dat
1 4 30 -32 120 0 0 -1 0 1 0 1 0 0 6091.dat
1 4 20 -24 140 -1 0 0 0 1 0 0 0 -1 6069.dat
1 4 20 -8 0 -1 0 0 0 1 0 0 0 -1 3937.dat
1 4 20 16 0 -1 0 0 0 1 0 0 0 -1 3023.dat
0 New Model
0 Name: steer.dat
0 Author: Michael Horvath
0 Unofficial Model
0 ROTATION CENTER 0 0 0 1 "Custom"
0 ROTATION CONFIG 0 0
1 4 20 -3 8.66025 1 0 0 0 .5 .866025 0 -.866025 .5 3938.dat
1 4 20 -6 13.8564 1 0 0 0 .5 .866025 0 -.866025 .5 3829c01.dat








0 ROTATION CENTER 0 0 0 1 "Custom"
0 ROTATION CONFIG 0 0
0 Name: back.dat
1 4 20 24 250 0 0 1 0 1 0 -1 0 0 3832.dat
1 4 20 0 360 1 0 0 0 1 0 0 0 1 4858.dat
1 4 20 24 370 1 0 0 0 1 0 0 0 1 3034.dat
1 4 20 0 380 -1 0 0 0 1 0 0 0 -1 4858.dat
1 4 20 -8 370 1 0 0 0 1 0 0 0 1 3034.dat
1 4 20 0 200 -1 0 0 0 1 0 0 0 -1 3039.dat
1 4 20 -64 370 1 0 0 0 1 0 0 0 1 4282.dat
1 4 20 32 360 0 0 1 0 1 0 -1 0 0 3021.dat
1 4 20 24 430 -1 0 0 0 1 0 0 0 -1 4859.dat
1 4 90 0 390 0 0 -1 0 1 0 1 0 0 2744.dat
1 4 -50 0 390 0 0 -1 0 1 0 1 0 0 2744.dat
1 4 -50 -56 370 0 0 -1 0 1 0 1 0 0 4864b.dat
1 4 90 -56 370 0 0 1 0 1 0 -1 0 0 4864b.dat


1 7 100 10 370 1 0 0 0 1 0 0 0 1 3749.dat
1 7 110 10 370 0 0 1 0 1 0 -1 0 0 4185.dat
1 0 110 10 370 0 0 1 0 1 0 -1 0 0 2815.dat
1 7 -60 10 370 -1 0 0 0 1 0 0 0 -1 3749.dat
1 7 -70 10 370 0 0 1 0 1 0 -1 0 0 4185.dat
1 0 -70 10 370 0 0 1 0 1 0 -1 0 0 2815.dat

0 ROTATION CENTER 0 0 0 1 "Custom"
0 ROTATION CONFIG 0 0
0 Name: middle.dat
1 4 20 -40 200 1 0 0 0 1 0 0 0 1 2419.dat
1 4 60 -40 260 0 0 -1 0 1 0 1 0 0 3021.dat
1 4 -20 -40 260 0 0 1 0 1 0 -1 0 0 3021.dat
1 4 60 -40 310 0 0 -1 0 1 0 1 0 0 4488.dat
1 4 -20 -40 310 0 0 -1 0 1 0 1 0 0 4488.dat
1 4 -20 -32 240 0 0 -1 0 1 0 1 0 0 3021.dat
1 4 60 -32 240 0 0 -1 0 1 0 1 0 0 3021.dat
1 4 20 -32 290 -1 0 0 0 1 0 0 0 -1 3795.dat
1 4 60 -24 270 0 0 1 0 1 0 -1 0 0 3795.dat
1 4 -20 -24 270 0 0 1 0 1 0 -1 0 0 3795.dat
1 0 20 -24 290 1 0 0 0 1 0 0 0 1 3479.dat
1 0 -20 -16 250 1 0 0 0 1 0 0 0 1 4229.dat
1 0 60 -16 250 1 0 0 0 1 0 0 0 1 4229.dat
1 0 20 -80 270 0 0 1 0 1 0 -1 0 0 2434.dat
1 0 20 -64 220 1 0 0 0 1 0 0 0 1 3039.dat
1 4 20 -72 220 -1 0 0 0 1 0 0 0 -1 2412a.dat
1 0 -10 -64 270 0 0 1 0 1 0 -1 0 0 4873.dat
1 0 50 -64 270 0 0 1 0 1 0 -1 0 0 4873.dat
1 0 60 10 185 -1 0 0 0 0 1 0 1 0 4589.dat
1 0 -20 10 185 0 0 1 1 0 0 0 1 0 4589.dat
1 0 60 10 290 0 0 1 0 1 0 -1 0 0 3673.dat
1 0 -20 10 290 0 0 1 0 1 0 -1 0 0 3673.dat
1 0 60 10 317 0 0 1 -1 0 0 0 -1 0 3062a.dat
1 0 -20 10 317 0 0 1 -1 0 0 0 -1 0 3062a.dat


1 0 -20 -35 340 1 0 0 0 0 -1 0 1 0 2421.dat
1 0 60 -35 340 1 0 0 0 0 -1 0 1 0 2421.dat


