0 Name: complete.dat
0 Author: Michael Horvath
0 Unofficial Model
0 This work is licensed under a Creative Commons Attribution-ShareAlike 4.0
0 International License. You should have received a copy of the license along
0 with this work. If not, see <http://creativecommons.org/licenses/by-sa/4.0/>.
0 ROTATION CENTER 0 0 0 1 "Custom"
0 ROTATION CONFIG 0 0

0 Name: whole.dat
0 ROTATION CENTER 0 0 0 1 "Custom"
0 ROTATION CONFIG 0 1
0 WRITE Axle hidden, as it causes LDView to crash.
0 ROTATION CENTER 0 0 0 1 "Custom"
0 ROTATION CONFIG 0 0
1 0 0 -54 160 1 0 0 0 0.997913 -0.064571 0 0.064571 0.997913 3737.dat
0 Name: axel.dat
1 7 90 -54 160 0 0 -1 -0.064571 0.997913 0 0.997913 0.064571 0 2695.dat
1 7 -90 -54 160 0 0 1 0.064571 0.997913 0 -0.997913 0.064571 0 2695.dat
1 0 -90 -54 160 0 0 1 0.064571 0.997913 0 -0.997913 0.064571 0 2696.dat
1 0 90 -54 160 0 0 -1 -0.064571 0.997913 0 0.997913 0.064571 0 2696.dat
1 7 30 -54 160 0 0 1 0.064571 0.997913 0 -0.997913 0.064571 0 3713.dat
1 7 70 -54 160 0 0 1 0.064571 0.997913 0 -0.997913 0.064571 0 3713.dat
1 7 -30 -54 160 0 0 -1 -0.064571 0.997913 0 0.997913 0.064571 0 3713.dat
1 7 -70 -54 160 0 0 -1 -0.064571 0.997913 0 0.997913 0.064571 0 3713.dat





0 WRITE Axle hidden, as it causes LDView to crash.
0 ROTATION CENTER 0 0 0 1 "Custom"
0 ROTATION CONFIG 0 0
1 0 0 -53.999946 -180.710982 1 0 0 0 0.997913 -0.064571 0 0.064571 0.997913 3737.dat
0 Name: axel.dat
1 7 90 -53.999946 -180.710982 0 0 -1 -0.064571 0.997913 0 0.997913 0.064571 0 2695.dat
1 7 -90 -53.999946 -180.710982 0 0 1 0.064571 0.997913 0 -0.997913 0.064571 0 2695.dat
1 0 -90 -53.999946 -180.710982 0 0 1 0.064571 0.997913 0 -0.997913 0.064571 0 2696.dat
1 0 90 -53.999946 -180.710982 0 0 -1 -0.064571 0.997913 0 0.997913 0.064571 0 2696.dat
1 7 30 -53.999946 -180.710982 0 0 1 0.064571 0.997913 0 -0.997913 0.064571 0 3713.dat
1 7 70 -53.999946 -180.710982 0 0 1 0.064571 0.997913 0 -0.997913 0.064571 0 3713.dat
1 7 -30 -53.999946 -180.710982 0 0 -1 -0.064571 0.997913 0 0.997913 0.064571 0 3713.dat
1 7 -70 -53.999946 -180.710982 0 0 -1 -0.064571 0.997913 0 0.997913 0.064571 0 3713.dat






0 Name: inner.dat
0 ROTATION CENTER 10 23.2056 -110 1 "Custom"
0 ROTATION CONFIG 0 1
1 0 0 -133.18733 144.85519 -1 0 0 0 0.997913 0.064571 0 0.064571 -0.997913 6153.dat
0 New Model
0 Name: steer.dat
0 Author: MLCad
0 Unofficial Model
0 ROTATION CENTER 0 0 0 1 "Custom"
0 ROTATION CONFIG 0 0
1 4 0 -106.889362 -13.777754 -1 0 0 0 0.997913 0.064571 0 0.064571 -0.997913 3937.dat
1 4 0 -97.555942 -3.152914 -1 0 0 0 0.064571 -0.997913 0 -0.997913 -0.064571 3938.dat
1 4 0 -98.07251 4.83039 -1 0 0 0 0.064571 -0.997913 0 -0.997913 -0.064571 3829c01.dat









































1 4 0 -96.088434 67.088422 1 0 0 0 0.997913 -0.064571 0 0.064571 0.997913 2432.dat
1 4 40.001 -100.843188 16.676204 1 0 0 0 0.997913 -0.064571 0 0.064571 0.997913 43721.dat
1 4 40.001 -111.174548 176.342284 -1 0 0 0 0.997913 0.064571 0 0.064571 -0.997913 43720.dat
1 4 0.001 -113.757388 216.258804 -1 0 0 0 0.997913 0.064571 0 0.064571 -0.997913 3003.dat
1 4 30.001 -114.403098 226.237934 -1 0 0 0 0.997913 0.064571 0 0.064571 -0.997913 4070.dat
1 36 30.001 -105.327962 240.854426 -1 0 0 0 0.064571 -0.997913 0 -0.997913 -0.064571 3024.dat
1 36 -29.999 -105.327962 240.854426 -1 0 0 0 0.064571 -0.997913 0 -0.997913 -0.064571 3024.dat
1 4 -29.999 -114.403098 226.237934 -1 0 0 0 0.997913 0.064571 0 0.064571 -0.997913 4070.dat
1 4 0.001 -87.224636 177.891988 -1 0 0 0 0.997913 0.064571 0 0.064571 -0.997913 3001.dat
1 4 0.001 -89.807476 217.808508 -1 0 0 0 0.997913 0.064571 0 0.064571 -0.997913 3001.dat
1 4 -19.999 -63.920434 189.420822 -1 0 0 0 0.997913 0.064571 0 0.064571 -0.997913 3747a.dat
1 4 20.001 -63.920434 189.420822 -1 0 0 0 0.997913 0.064571 0 0.064571 -0.997913 3747a.dat
1 4 20.001 -60.046174 129.546042 1 0 0 0 0.997913 -0.064571 0 0.064571 0.997913 3660.dat
1 4 -19.999 -60.046174 129.546042 1 0 0 0 0.997913 -0.064571 0 0.064571 0.997913 3660.dat
1 4 0.001 -84.641796 137.975468 -1 0 0 0 0.997913 0.064571 0 0.064571 -0.997913 3001.dat
1 4 0.001 -111.174548 176.342284 -1 0 0 0 0.997913 0.064571 0 0.064571 -0.997913 3003.dat
1 4 30.001 -106.008868 96.509244 0 0 -1 -0.064571 0.997913 0 0.997913 0.064571 0 3037.dat
1 4 -29.999 -106.008868 96.509244 0 0 1 0.064571 0.997913 0 -0.997913 0.064571 0 3037.dat
1 4 -39.999 -111.174548 176.342284 -1 0 0 0 0.997913 0.064571 0 0.064571 -0.997913 43721.dat
1 4 -39.999 -100.843188 16.676204 1 0 0 0 0.997913 -0.064571 0 0.064571 0.997913 43720.dat
1 4 0.001 -97.614638 -33.219446 1 0 0 0 0.997913 -0.064571 0 0.064571 0.997913 4858.dat
1 4 0.001 -73.664726 -31.669742 1 0 0 0 0.997913 -0.064571 0 0.064571 0.997913 4855.dat
1 4 10.001 -74.956146 -11.711482 0 0 -1 -0.064571 0.997913 0 0.997913 0.064571 0 3665a.dat
1 4 -9.999 -74.956146 -11.711482 0 0 1 0.064571 0.997913 0 -0.997913 0.064571 0 3665a.dat
1 4 -30 -102.134608 36.634464 0 0 -1 -0.064571 0.997913 0 0.997913 0.064571 0 4865a.dat
1 4 0 -63.509508 59.175564 0 0 1 0.064571 0.997913 0 -0.997913 0.064571 0 3032.dat
1 4 30 -70.201392 38.700736 0 0 1 0.064571 0.997913 0 -0.997913 0.064571 0 3710.dat
1 4 30 -78.184696 38.184168 0 0 1 0.064571 0.997913 0 -0.997913 0.064571 0 3710.dat
1 4 30 -74.075652 98.575516 0 0 1 0.064571 0.997913 0 -0.997913 0.064571 0 3023.dat
1 4 30 -82.058956 98.058948 0 0 1 0.064571 0.997913 0 -0.997913 0.064571 0 3023.dat
1 4 10 -139.233504 114.401232 0 0 -1 -0.064571 0.997913 0 0.997913 0.064571 0 44302.dat
1 4 -10 -139.233504 114.401232 0 0 -1 -0.064571 0.997913 0 0.997913 0.064571 0 44302.dat
1 4 0 -150.680142 43.514186 1 0 0 0 0.997913 -0.064571 0 0.064571 0.997913 45677.dat
1 4 0 -151.971562 63.472446 -1 0 0 0 0.997913 0.064571 0 0.064571 -0.997913 45677.dat
1 39 0 -130.839274 -15.327458 1 0 0 0 0.997913 -0.064571 0 0.064571 0.997913 4866.dat
1 0 0 -166.64675 42.48105 1 0 0 0 0.997913 -0.064571 0 0.064571 0.997913 2540.dat
1 0 0 -159.309156 52.976748 1 0 0 0 0.997913 -0.064571 0 0.064571 0.997913 3022.dat
1 0 0 -152.617272 73.451576 -1 0 0 0 0.997913 0.064571 0 0.064571 -0.997913 15068.dat
1 0 -1 -71.715873 46.619469 1 0 0 0 0.064571 0.997913 0 -0.997913 0.064571 3816.dat
1 0 1 -71.715873 46.619469 1 0 0 0 0.064571 0.997913 0 -0.997913 0.064571 3817.dat

0 Name: torso.dat
0 ROTATION CENTER 0 0 0 1 "Custom"
0 ROTATION CONFIG 0 0
1 0 0 -110.562026 67.434594 1 0 0 0 0.900172 0.444849 0 -0.444849 0.900172 973p52.dat
0 MLCAD HIDE 1 0 0 0 0 1 0 0 0 1 0 0 0 1 axis_32s.dat
1 14 0 -132.166149 78.110977 1 0 0 0 0.900172 0.444849 0 -0.444849 0.900172 3626bp01.dat
1 0 0 -132.166149 78.110977 1 0 0 0 0.900172 0.444849 0 -0.444849 0.900172 2446.dat
1 39 0 -132.166149 78.110977 1 0 0 0 0.900172 0.444849 0 -0.444849 0.900172 2447.dat
1 0 0 -81.756527 53.199417 1 0 0 0 0.900172 0.444849 0 -0.444849 0.900172 3815.dat

0 Name: limbl.dat
0 ROTATION CENTER 0 0 0 1 "Custom"
0 ROTATION CONFIG 0 0
1 0 0 -102.418977 63.197639 1 0 0 0 0.695269 0.733241 0 -0.733241 0.695269 976.dat
1 0 22 -100.176477 33.943618 0 0 -1 0.026741 1.005993 0 1.005993 -0.026741 0 977.dat






0 Name: limbr.dat
0 ROTATION CENTER 0 0 0 1 "Custom"
0 ROTATION CONFIG 0 0
1 0 0 -102.418977 63.197639 1 0 0 0 0.695269 0.733241 0 -0.733241 0.695269 975.dat
1 0 -22 -100.176477 33.943618 0 0 -1 0.026741 1.005993 0 1.005993 -0.026741 0 977.dat
















0 Untitled
0 Name: headlights.dat
0 Author: MLCad
0 Unofficial Model
0 ROTATION CENTER 0 0 0 1 "Custom"
0 ROTATION CONFIG 0 0
1 47 -16 -163.359504 8.651935 1 0 0 0 0 1 0 -1 0 6141.dat
1 0 -16 -163.359504 16.651933 0 0 1 -1 0 0 0 -1 0 2555.dat





0 Untitled
0 Name: headlights.dat
0 Author: MLCad
0 Unofficial Model
0 ROTATION CENTER 0 0 0 1 "Custom"
0 ROTATION CONFIG 0 0
1 47 16 -163.359504 8.651935 1 0 0 0 0 1 0 -1 0 6141.dat
1 0 16 -163.359504 16.651933 0 0 1 -1 0 0 0 -1 0 2555.dat






0 Name: outer.dat
0 ROTATION CENTER 0 0 0 1 "Custom"
0 ROTATION CONFIG 0 0

0 Name: strut.dat
0 ROTATION CENTER 0 0 0 1 "Custom"
0 ROTATION CONFIG 0 0
1 4 -50 -84.641796 137.975468 0 0 1 0.064571 0.997913 0 -0.997913 0.064571 0 2730.dat
1 4 -50 -70.436176 -81.565392 0 0 1 0.064571 0.997913 0 -0.997913 0.064571 0 3895.dat
1 4 -50 -62.041946 -211.294082 1 0 0 0 0.997913 -0.064571 0 0.064571 0.997913 4070.dat
1 47 -50 -51.158822 -224.619154 1 0 0 0 -0.064571 -0.997913 0 0.997913 -0.064571 6141.dat
1 47 -50 -51.158822 -224.619154 1 0 0 0 0.997913 -0.064571 0 0.064571 0.997913 light.dat
1 4 -50 -61.983304 159.483432 1 0 0 0 0.997913 -0.064571 0 0.064571 0.997913 2823.dat
1 4 -50 -43.903424 -119.932208 0 0 1 0.064571 0.997913 0 -0.997913 0.064571 0 3666.dat
1 4 -50 -54.234784 39.733872 0 0 1 0.064571 0.997913 0 -0.997913 0.064571 0 4477.dat
1 36 -50 -98.43649 227.27107 1 0 0 0 0.997913 -0.064571 0 0.064571 0.997913 light.dat
1 4 -50 -63.920434 189.420822 -1 0 0 0 0.997913 0.064571 0 0.064571 -0.997913 4287a.dat






0 Name: strut.dat
0 ROTATION CENTER 0 0 0 1 "Custom"
0 ROTATION CONFIG 0 0
1 4 50 -84.641796 137.975468 0 0 1 0.064571 0.997913 0 -0.997913 0.064571 0 2730.dat
1 4 50 -70.436176 -81.565392 0 0 1 0.064571 0.997913 0 -0.997913 0.064571 0 3895.dat
1 4 50 -62.041946 -211.294082 1 0 0 0 0.997913 -0.064571 0 0.064571 0.997913 4070.dat
1 47 50 -51.158822 -224.619154 1 0 0 0 -0.064571 -0.997913 0 0.997913 -0.064571 6141.dat
1 47 50 -51.158822 -224.619154 1 0 0 0 0.997913 -0.064571 0 0.064571 0.997913 light.dat
1 4 50 -61.983304 159.483432 1 0 0 0 0.997913 -0.064571 0 0.064571 0.997913 2823.dat
1 4 50 -43.903424 -119.932208 0 0 1 0.064571 0.997913 0 -0.997913 0.064571 0 3666.dat
1 4 50 -54.234784 39.733872 0 0 1 0.064571 0.997913 0 -0.997913 0.064571 0 4477.dat
1 36 50 -98.43649 227.27107 1 0 0 0 0.997913 -0.064571 0 0.064571 0.997913 light.dat
1 4 50 -63.920434 189.420822 -1 0 0 0 0.997913 0.064571 0 0.064571 -0.997913 4287a.dat





1 4 0 -38.092034 -209.744378 1 0 0 0 0.997913 -0.064571 0 0.064571 0.997913 3666.dat
1 4 0 -62.041946 -211.294082 1 0 0 0 0.997913 -0.064571 0 0.064571 0.997913 3937.dat
1 0 0 -48.77557 -230.47749 1 0 0 0 -0.064571 -0.997913 0 0.997913 -0.064571 2922a.dat
1 4 0 -39.383454 -189.786118 1 0 0 0 0.997913 -0.064571 0 0.064571 0.997913 3666.dat
1 4 0 -73.2538 -161.915 1 0 0 0 0.997913 -0.064571 0 0.064571 0.997913 3958.dat
1 4 -40 -79.06519 -72.10283 -1 0 0 0 0.997913 0.064571 0 0.064571 -0.997913 43722.dat
1 4 40 -79.06519 -72.10283 -1 0 0 0 0.997913 0.064571 0 0.064571 -0.997913 43723.dat
1 4 -10 -78.008554 -212.327218 0 0 -1 -0.064571 0.997913 0 0.997913 0.064571 0 2555.dat
1 4 10 -78.008554 -212.327218 0 0 -1 -0.064571 0.997913 0 0.997913 0.064571 0 2555.dat
1 4 0 -63.333366 -191.335822 1 0 0 0 0.997913 -0.064571 0 0.064571 0.997913 3023.dat
1 4 60 -68.851276 48.809008 0 1 0 -0.997913 0 -0.064571 -0.064571 0 0.997913 42023.dat
1 4 60 -71.434116 88.725528 0 1 0 -0.064571 0 0.997913 0.997913 0 0.064571 3004.dat
1 4 60 -76.599796 168.558568 0 1 0 -0.064571 0 0.997913 0.997913 0 0.064571 3666.dat
1 4 -60 -68.851276 48.809008 0 -1 0 0.997913 0 -0.064571 0.064571 0 0.997913 42023.dat
1 4 -60 -71.434116 88.725528 0 -1 0 0.064571 0 0.997913 -0.997913 0 0.064571 3004.dat
1 4 -60 -76.599796 168.558568 0 -1 0 0.064571 0 0.997913 -0.997913 0 0.064571 3666.dat





1 15 0 -83.996032 -212.714644 1 0 0 0 1 0 0 0 1 87695.dat
0 MLCAD HIDE 1 15 0 0 0 1 0 0 0 1 0 0 0 1 axis_32s.dat

0 Name: spoiler.dat
0 ROTATION CENTER 0 0 0 1 "Custom"
0 ROTATION CONFIG 0 0
1 4 0 -187.842445 184.208174 1 0 0 0 0.835899 -0.555133 0 0.555133 0.835899 4477.dat
1 0 90 -202.352684 162.525988 0 0 1 0.555133 0.835899 0 -0.835899 0.555133 0 4865a.dat
1 0 -90 -202.352684 162.525988 0 0 -1 -0.555133 0.835899 0 0.835899 0.555133 0 4865a.dat
1 0 0 -194.529635 179.767108 -1 0 0 0 0.835899 0.555133 0 0.555133 -0.835899 4162.dat
1 4 0 -171.188447 159.13121 1 0 0 0 0.835899 -0.555133 0 0.555133 0.835899 3022.dat
1 4 0 -170.052589 171.931264 0 0 1 0.555133 0.835899 0 -0.835899 0.555133 0 3021.dat
1 4 -10 -157.814066 168.013342 0 0 1 0.555133 0.835899 0 -0.835899 0.555133 0 44301.dat
1 4 10 -157.814066 168.013342 0 0 1 0.555133 0.835899 0 -0.835899 0.555133 0 44301.dat
1 4 -60 -171.188447 159.13121 0 0 1 0.555133 0.835899 0 -0.835899 0.555133 0 41770.dat
1 4 60 -171.188447 159.13121 0 0 -1 -0.555133 0.835899 0 0.835899 0.555133 0 41769.dat










0 MLCAD HIDE 1 14 0 0 0 1 0 0 0 1 0 0 0 1 axis_32s.dat








