0 WRITE Author: Michael Horvath
0 This work is licensed under a Creative Commons Attribution-ShareAlike 4.0
0 International License. You should have received a copy of the license along
0 with this work. If not, see <http://creativecommons.org/licenses/by-sa/4.0/>.
0 ROTATION CENTER 0 0 0 1 "Custom"
0 ROTATION CONFIG 0 0
0 Name: complete.dat

0 ROTATION CENTER 0 0 0 1 "Custom"
0 ROTATION CONFIG 0 0
0 Name: body.dat

0 ROTATION CENTER 0 0 0 1 "Custom"
0 ROTATION CONFIG 0 0
0 Name: halflow.dat

0 ROTATION CENTER 0 0 0 1 "Custom"
0 ROTATION CONFIG 0 0
0 Name: torsolow.dat
1 1 0 -389.97384 9.66572612 -1 0 0 0 .5022803 -.86314232 0 -.86314232 -.5022803 3149e.dat
1 1 0 -343.8030422 29.6008872 -1 0 0 0 .5022803 -.86314232 0 -.86314232 -.5022803 3640.dat
1 1 0 -325.7209514 -1.47223632 -1 0 0 0 .86314232 .5022803 0 .5022803 -.86314232 3956.dat
1 1 0 -313.79300984 -6.08541712 0 0 -1 -.5022803 .86314232 0 .86314232 .5022803 0 3021.dat
1 1 0 -344.3979806 10.76780708 1 0 0 0 .5022803 .86314232 0 -.86314232 .5022803 3660.dat
1 0 0 -389.97384 9.66572612 -1 0 0 0 .5022803 -.86314232 0 -.86314232 -.5022803 313.dat
1 7 0 -301.86506828 -10.69859792 1 0 0 0 .86314232 -.5022803 0 .5022803 .86314232 3679.dat



0 ROTATION CENTER 0 0 0 1 "Custom"
0 ROTATION CONFIG 0 0
0 Name: ped.dat

0 ROTATION CENTER 0 0 0 1 "Custom"
0 ROTATION CONFIG 0 0
0 Name: pelvis.dat
1 1 -10 -294.6500637096 -7.088151758 0 0 1 .5057460341 .869098002 0 -.869098002 .5057460341 0 3700.dat
1 1 10 -294.6500637096 -7.088151758 0 0 1 .5057460341 .869098002 0 -.869098002 .5057460341 0 3700.dat
1 1 0 -301.6028477257 -11.1341200306 0 0 1 .5057460341 .869098002 0 -.869098002 .5057460341 0 3680.dat



0 ROTATION CENTER 0 0 0 1 "Custom"
0 ROTATION CONFIG 0 0
0 Name: uplegl.dat

0 ROTATION CENTER 0 0 0 1 "Custom"
0 ROTATION CONFIG 0 0
0 Name: thigh.dat
1 0 40 -201.3844359013 -30.676081061 -1 0 0 0 -.9433660374 .3339620208 0 .3339620208 .9433660374 3940.dat
1 0 40 -246.6660056968 -14.6459040611 -1 0 0 0 -.9433660374 .3339620208 0 .3339620208 .9433660374 3941.dat
1 0 40 -276.8537188938 -3.9591193945 -1 0 0 0 -.9433660374 .3339620208 0 .3339620208 .9433660374 2444.dat
1 0 50 -265.0994825036 -18.7361721019 -1 0 0 0 -.9433660374 .3339620208 0 .3339620208 .9433660374 6091.dat
1 0 50 -258.420242087 .1311486462 1 0 0 0 -.9433660374 -.3339620208 0 .3339620208 -.9433660374 6091.dat
1 0 30 -269.3067905945 -6.6308155612 0 0 1 .3339620208 -.9433660374 0 .9433660374 .3339620208 0 3023.dat
1 0 50 -284.400647193 -1.2874232279 0 0 1 .3339620208 -.9433660374 0 .9433660374 .3339620208 0 3023.dat
1 0 50 -295.2871957006 -8.0493874353 -1 0 0 0 -.9433660374 .3339620208 0 .3339620208 .9433660374 3665.dat
1 0 50 -288.607955284 10.8179333128 1 0 0 0 -.9433660374 -.3339620208 0 .3339620208 -.9433660374 3665.dat
1 0 20 -286.2873792678 -.6194991862 -1 0 0 0 -.9433660374 .3339620208 0 .3339620208 .9433660374 4459.dat



0 ROTATION CENTER 0 0 0 1 "Custom"
0 ROTATION CONFIG 0 0
0 Name: knee.dat
1 0 40 -167.857102496 -31.9292053535 1 0 0 0 -.9433660374 -.3339620208 0 .3339620208 -.9433660374 3937.dat
1 0 30 -174.5363429126 -50.7965261016 1 0 0 0 -.9433660374 -.3339620208 0 .3339620208 -.9433660374 6231.dat
1 0 50 -174.5363429126 -50.7965261016 0 0 1 .3339620208 -.9433660374 0 .9433660374 .3339620208 0 6231.dat
1 0 40 -193.8375076021 -33.3477772276 0 0 1 .3339620208 -.9433660374 0 .9433660374 .3339620208 0 3022.dat





0 ROTATION CENTER 0 0 0 1 "Custom"
0 ROTATION CONFIG 0 0
0 Name: lowlegl.dat

0 ROTATION CENTER 0 0 0 1 "Custom"
0 ROTATION CONFIG 0 0
0 Name: footl.dat
1 15 40 -42.4476329866 -28.0727821898 1 0 0 0 1.0020739684 -.005412701 0 .005412701 1.0020739684 4858.dat
1 15 70 -42.5558870066 -8.0313028218 -1 0 0 0 1.0020739684 .005412701 0 .005412701 -1.0020739684 4286.dat
1 15 10 -42.5558870066 -8.0313028218 -1 0 0 0 1.0020739684 .005412701 0 .005412701 -1.0020739684 4286.dat
1 15 10 -66.6056622482 -8.1612076458 1 0 0 0 1.0020739684 -.005412701 0 .005412701 1.0020739684 3040b.dat
1 15 70 -114.7052127314 -8.4210172938 1 0 0 0 1.0020739684 -.005412701 0 .005412701 1.0020739684 4460a.dat
1 15 40 -18.127222695 -78.0465757858 1 0 0 0 1.0020739684 -.005412701 0 .005412701 1.0020739684 4859.dat
1 0 70 -18.560238775 2.1193416862 0 0 1 .005412701 1.0020739684 0 -1.0020739684 .005412701 0 3710.dat
1 0 10 -18.560238775 2.1193416862 0 0 1 .005412701 1.0020739684 0 -1.0020739684 .005412701 0 3710.dat
1 15 10 -10.5977740378 12.1833829782 1 0 0 0 1.0020739684 -.005412701 0 .005412701 1.0020739684 6141.dat
1 15 10 -10.4895200178 -7.8580963898 1 0 0 0 1.0020739684 -.005412701 0 .005412701 1.0020739684 6141.dat
1 15 10 -10.3812659978 -27.8995757578 1 0 0 0 1.0020739684 -.005412701 0 .005412701 1.0020739684 6141.dat
1 15 70 -10.3812659978 -27.8995757578 1 0 0 0 1.0020739684 -.005412701 0 .005412701 1.0020739684 6141.dat
1 15 70 -10.4895200178 -7.8580963898 1 0 0 0 1.0020739684 -.005412701 0 .005412701 1.0020739684 6141.dat
1 15 70 -10.5977740378 12.1833829782 1 0 0 0 1.0020739684 -.005412701 0 .005412701 1.0020739684 6141.dat
1 15 70 -10.7060280578 32.2248623462 1 0 0 0 1.0020739684 -.005412701 0 .005412701 1.0020739684 6141.dat
1 15 50 -26.3603224822 -38.0069186578 0 0 -1 -.005412701 1.0020739684 0 1.0020739684 .005412701 0 30383.dat
1 15 30 -26.3603224822 -38.0069186578 0 0 -1 -.005412701 1.0020739684 0 1.0020739684 .005412701 0 30383.dat
1 15 40 -18.343730735 -37.9636170498 1 0 0 0 1.0020739684 -.005412701 0 .005412701 1.0020739684 3022.dat
1 0 40 -10.2188849678 -57.9617948098 1 0 0 0 1.0020739684 -.005412701 0 .005412701 1.0020739684 2654.dat
1 15 10 -10.7060280578 32.2248623462 1 0 0 0 1.0020739684 -.005412701 0 .005412701 1.0020739684 6141.dat
1 0 40 -10.0565039378 -88.0240138618 -1 0 0 0 1.0020739684 .005412701 0 .005412701 -1.0020739684 3839b.dat



0 ROTATION CENTER 0 0 0 1 "Custom"
0 ROTATION CONFIG 0 0
0 Name: shin.dat
1 0 40 -38.601718143 2.0110876662 -1 0 0 0 -1.0020739684 -.005412701 0 -.005412701 1.0020739684 4476.dat
1 0 40 -22.6226616586 12.1184305662 0 0 -1 .005412701 -1.0020739684 0 -1.0020739684 -.005412701 0 3021.dat
1 0 40 -6.5894781642 12.2050337822 1 0 0 0 -1.0020739684 .005412701 0 -.005412701 -1.0020739684 41855.dat
1 0 50 -30.5851263958 2.0543892742 0 0 -1 .005412701 -1.0020739684 0 -1.0020739684 -.005412701 0 44302.dat
1 0 30 -30.5851263958 2.0543892742 0 0 -1 .005412701 -1.0020739684 0 -1.0020739684 -.005412701 0 44302.dat
1 0 40 -30.7475074258 32.1166083262 -1 0 0 0 -1.0020739684 -.005412701 0 -.005412701 1.0020739684 3023.dat
1 0 40 -158.634086311 -38.7213951898 0 0 -1 .005412701 -1.0020739684 0 -1.0020739684 -.005412701 0 3020.dat
1 0 30 -30.5851263958 2.0543892742 0 0 -1 .005412701 -1.0020739684 0 -1.0020739684 -.005412701 0 4275b.dat
1 7 40 -166.7048050682 -28.7439571138 -1 0 0 0 -1.0020739684 -.005412701 0 -.005412701 1.0020739684 3938.dat





0 ROTATION CENTER 0 0 0 1 "Custom"
0 ROTATION CONFIG 0 0
0 Name: legr.dat

0 ROTATION CENTER 0 0 0 1 "Custom"
0 ROTATION CONFIG 0 0
0 Name: thigh.dat
1 0 -40 -195.9110930788 -1.844928296 1 0 0 0 -1.0020739684 .005412701 0 -.005412701 -1.0020739684 3940.dat
1 0 -40 -244.010643562 -2.104737944 1 0 0 0 -1.0020739684 .005412701 0 -.005412701 -1.0020739684 3941.dat
1 0 -40 -276.0770105508 -2.277944376 1 0 0 0 -1.0020739684 .005412701 0 -.005412701 -1.0020739684 2444.dat
1 0 -50 -260.0979540664 7.829398524 1 0 0 0 -1.0020739684 .005412701 0 -.005412701 -1.0020739684 6091.dat
1 0 -50 -259.9897000464 -12.212080844 -1 0 0 0 -1.0020739684 -.005412701 0 -.005412701 1.0020739684 6091.dat
1 0 -30 -268.0604188036 -2.234642768 0 0 -1 .005412701 -1.0020739684 0 -1.0020739684 -.005412701 0 3023.dat
1 0 -50 -284.093602298 -2.321245984 0 0 -1 .005412701 -1.0020739684 0 -1.0020739684 -.005412701 0 3023.dat
1 0 -50 -292.1643210552 7.656192092 1 0 0 0 -1.0020739684 .005412701 0 -.005412701 -1.0020739684 3665.dat
1 0 -50 -292.0560670352 -12.385287276 -1 0 0 0 -1.0020739684 -.005412701 0 -.005412701 1.0020739684 3665.dat
1 0 -20 -286.0977502348 -2.332071386 1 0 0 0 -1.0020739684 .005412701 0 -.005412701 -1.0020739684 4459.dat



0 ROTATION CENTER 0 0 0 1 "Custom"
0 ROTATION CONFIG 0 0
0 Name: footr.dat
1 15 -40 -39.6416810184 9.020192744 1 0 0 0 1.0020739684 -.005412701 0 .005412701 1.0020739684 4858.dat
1 15 -10 -39.7499350384 29.061672112 -1 0 0 0 1.0020739684 .005412701 0 .005412701 -1.0020739684 4286.dat
1 15 -70 -39.7499350384 29.061672112 -1 0 0 0 1.0020739684 .005412701 0 .005412701 -1.0020739684 4286.dat
1 15 -10 -63.79971028 28.931767288 1 0 0 0 1.0020739684 -.005412701 0 .005412701 1.0020739684 3040b.dat
1 15 -70 -111.8992607632 28.67195764 1 0 0 0 1.0020739684 -.005412701 0 .005412701 1.0020739684 4460a.dat
1 15 -40 -15.3212707268 -40.953600852 1 0 0 0 1.0020739684 -.005412701 0 .005412701 1.0020739684 4859.dat
1 0 -10 -15.7542868068 39.21231662 0 0 1 .005412701 1.0020739684 0 -1.0020739684 .005412701 0 3710.dat
1 0 -70 -15.7542868068 39.21231662 0 0 1 .005412701 1.0020739684 0 -1.0020739684 .005412701 0 3710.dat
1 15 -70 -7.7918220696 49.276357912 1 0 0 0 1.0020739684 -.005412701 0 .005412701 1.0020739684 6141.dat
1 15 -70 -7.6835680496 29.234878544 1 0 0 0 1.0020739684 -.005412701 0 .005412701 1.0020739684 6141.dat
1 15 -70 -7.5753140296 9.193399176 1 0 0 0 1.0020739684 -.005412701 0 .005412701 1.0020739684 6141.dat
1 15 -10 -7.5753140296 9.193399176 1 0 0 0 1.0020739684 -.005412701 0 .005412701 1.0020739684 6141.dat
1 15 -10 -7.6835680496 29.234878544 1 0 0 0 1.0020739684 -.005412701 0 .005412701 1.0020739684 6141.dat
1 15 -10 -7.7918220696 49.276357912 1 0 0 0 1.0020739684 -.005412701 0 .005412701 1.0020739684 6141.dat
1 15 -10 -7.9000760896 69.31783728 1 0 0 0 1.0020739684 -.005412701 0 .005412701 1.0020739684 6141.dat
1 15 -30 -23.554370514 -.913943724 0 0 -1 -.005412701 1.0020739684 0 1.0020739684 .005412701 0 30383.dat
1 15 -50 -23.554370514 -.913943724 0 0 -1 -.005412701 1.0020739684 0 1.0020739684 .005412701 0 30383.dat
1 15 -40 -15.5377787668 -.870642116 1 0 0 0 1.0020739684 -.005412701 0 .005412701 1.0020739684 3068b.dat
1 0 -40 -7.4129329996 -20.868819876 1 0 0 0 1.0020739684 -.005412701 0 .005412701 1.0020739684 2654.dat
1 15 -70 -7.9000760896 69.31783728 1 0 0 0 1.0020739684 -.005412701 0 .005412701 1.0020739684 6141.dat
1 0 -40 -7.2505519696 -50.931038928 -1 0 0 0 1.0020739684 .005412701 0 .005412701 -1.0020739684 3839b.dat



0 ROTATION CENTER 0 0 0 1 "Custom"
0 ROTATION CONFIG 0 0
0 Name: shin.dat
1 0 -40 -35.7957661748 39.1040626 -1 0 0 0 -1.0020739684 -.005412701 0 -.005412701 1.0020739684 4476.dat
1 0 -40 -19.8167096904 49.2114055 0 0 -1 .005412701 -1.0020739684 0 -1.0020739684 -.005412701 0 3021.dat
1 0 -40 -3.783526196 49.298008716 1 0 0 0 -1.0020739684 .005412701 0 -.005412701 -1.0020739684 41855.dat
1 0 -30 -27.7791744276 39.147364208 0 0 -1 .005412701 -1.0020739684 0 -1.0020739684 -.005412701 0 44302.dat
1 0 -50 -27.7791744276 39.147364208 0 0 -1 .005412701 -1.0020739684 0 -1.0020739684 -.005412701 0 44302.dat
1 0 -40 -27.9415554576 69.20958326 -1 0 0 0 -1.0020739684 -.005412701 0 -.005412701 1.0020739684 3023.dat
1 0 -40 -155.8281343428 -1.628420256 0 0 -1 .005412701 -1.0020739684 0 -1.0020739684 -.005412701 0 3020.dat
1 0 -50 -27.7791744276 39.147364208 0 0 -1 .005412701 -1.0020739684 0 -1.0020739684 -.005412701 0 4275b.dat
1 7 -40 -163.8988531 8.34901782 -1 0 0 0 -1.0020739684 -.005412701 0 -.005412701 1.0020739684 3938.dat



0 ROTATION CENTER 0 0 0 1 "Custom"
0 ROTATION CONFIG 0 0
0 Name: knee.dat
1 0 -40 -163.8988531 8.34901782 1 0 0 0 -1.0020739684 .005412701 0 -.005412701 -1.0020739684 3937.dat
1 0 -50 -163.79059908 -11.692461548 1 0 0 0 -1.0020739684 .005412701 0 -.005412701 -1.0020739684 6231.dat
1 0 -30 -163.79059908 -11.692461548 0 0 1 -.005412701 -1.0020739684 0 1.0020739684 -.005412701 0 6231.dat
1 0 -40 -187.8945013316 -1.801626688 0 0 1 -.005412701 -1.0020739684 0 1.0020739684 -.005412701 0 3022.dat







0 ROTATION CENTER 0 0 0 1 "Custom"
0 ROTATION CONFIG 0 0
0 Name: tailup.dat
1 1 0 -240.2259638 89.8745232 1 0 0 0 .5022803 .86314232 0 -.86314232 .5022803 3639.dat
1 1 0 -261.5070526 86.73405576 1 0 0 0 .5022803 .86314232 0 -.86314232 .5022803 4859.dat
1 1 10 -226.9813598 106.82526776 0 0 -1 .86314232 .5022803 0 .5022803 -.86314232 0 4275b.dat
1 1 -10 -226.9813598 106.82526776 0 0 -1 .86314232 .5022803 0 .5022803 -.86314232 0 4275b.dat



0 ROTATION CENTER 0 0 0 1 "Custom"
0 ROTATION CONFIG 0 0
0 Name: taillow.dat
1 1 -10 -188.76902134 146.39325846 0 0 1 -.4997936684 .868555021 0 -.868555021 -.4997936684 0 4276b.dat
1 1 10 -188.76902134 146.39325846 0 0 1 -.4997936684 .868555021 0 -.868555021 -.4997936684 0 4276b.dat
1 1 -50 -183.771084656 155.07880867 0 0 1 -.4997936684 .868555021 0 -.868555021 -.4997936684 0 2450.dat
1 1 50 -183.771084656 155.07880867 1 0 0 0 .868555021 .4997936684 0 -.4997936684 .868555021 2450.dat
1 1 0 -181.820581172 142.3949091128 1 0 0 0 .868555021 .4997936684 0 -.4997936684 .868555021 3020.dat
1 1 0 -173.775211288 172.44990909 -1 0 0 0 .868555021 -.4997936684 0 -.4997936684 -.868555021 3023.dat
1 1 0 -190.719524824 159.0771580172 1 0 0 0 .868555021 .4997936684 0 -.4997936684 .868555021 6239.dat





0 ROTATION CENTER 0 0 0 1 "Custom"
0 ROTATION CONFIG 0 0
0 Name: halfup.dat

0 ROTATION CENTER 0 0 0 1 "Custom"
0 ROTATION CONFIG 0 0
0 Name: wings.dat

0 ROTATION CENTER 0 0 0 1 "Custom"
0 ROTATION CONFIG 0 0
0 Name: wingr.dat
1 0 20 -414.375608 -35.139552 0 0 -1 -.422618 -.906308 0 -.906308 .422618 0 30119.dat
1 15 220 -482.654068 7.732968 -1 0 0 0 -.906308 .422618 0 .422618 .906308 3585.dat
1 0 70 -436.127 -24.99672 0 0 -1 -.422618 -.906308 0 -.906308 .422618 0 2540.dat
1 15 70 -474.191936 -7.246764 -1 0 0 0 -.906308 .422618 0 .422618 .906308 4868a.dat
1 7 70 -474.191936 -7.246764 -1 0 0 0 -.906308 .422618 0 .422618 .906308 4869.dat
1 7 20 -417.399892 -22.695528 -1 0 0 0 -.906308 .422618 0 .422618 .906308 4595.dat
1 7 38 -426.462972 -18.469348 0 -1 0 -.422618 0 .906308 -.906308 0 -.422618 2412a.dat
1 7 2 -426.462972 -18.469348 0 1 0 -.422618 0 -.906308 -.906308 0 .422618 2412a.dat
1 0 90 -444.701504 -38.652412 1 0 0 0 -.422618 .906308 0 -.906308 -.422618 3062b.dat
1 0 90 -431.177728 -9.650556 -1 0 0 0 .422618 .906308 0 .906308 -.422618 3062b.dat
1 0 90 -464.987168 -82.155196 -1 0 0 0 .422618 .906308 0 .906308 -.422618 3062b.dat
1 0 90 -410.046828 35.664844 1 0 0 0 -.422618 .906308 0 -.906308 -.422618 3062b.dat
1 0 91 -399.903996 57.416236 1 0 0 0 -.422618 .906308 0 -.906308 -.422618 4589.dat
1 0 90 -455.689572 -62.21642 0 -1 0 -.422618 0 .906308 -.906308 0 -.422618 4274.dat
1 0 90 -420.18966 13.913452 0 1 0 .422618 0 .906308 .906308 0 -.422618 4274.dat
1 0 90 -467.522876 -87.593044 0 0 1 .906308 .422618 0 -.422618 .906308 0 4592.dat
1 7 20 -464.075974 -99.13076 0 0 1 -.906308 -.422618 0 .422618 -.906308 0 3957a.dat
1 7 20 -468.302154 -108.19384 0 0 1 .422618 -.906308 0 .906308 .422618 0 32002.dat



0 ROTATION CENTER 0 0 0 1 "Custom"
0 ROTATION CONFIG 0 0
0 Name: wingl.dat
1 0 -20 -414.375608 -35.139552 0 0 1 .422618 -.906308 0 .906308 .422618 0 30119.dat
1 15 -220 -482.654068 7.732968 -1 0 0 0 -.906308 .422618 0 .422618 .906308 3586.dat
1 0 -70 -436.127 -24.99672 0 0 1 .422618 -.906308 0 .906308 .422618 0 2540.dat
1 15 -70 -474.191936 -7.246764 -1 0 0 0 -.906308 .422618 0 .422618 .906308 4868a.dat
1 7 -70 -474.191936 -7.246764 -1 0 0 0 -.906308 .422618 0 .422618 .906308 4869.dat
1 7 -20 -417.399892 -22.695528 -1 0 0 0 -.906308 .422618 0 .422618 .906308 4595.dat
1 7 -38 -426.462972 -18.469348 0 1 0 .422618 0 .906308 .906308 0 -.422618 2412a.dat
1 7 -2 -426.462972 -18.469348 0 -1 0 .422618 0 -.906308 .906308 0 .422618 2412a.dat
1 0 -90 -431.177728 -9.650556 -1 0 0 0 .422618 .906308 0 .906308 -.422618 3062b.dat
1 0 -90 -444.701504 -38.652412 1 0 0 0 -.422618 .906308 0 -.906308 -.422618 3062b.dat
1 0 -90 -410.892064 33.852228 1 0 0 0 -.422618 .906308 0 -.906308 -.422618 3062b.dat
1 0 -90 -465.832404 -83.967812 -1 0 0 0 .422618 .906308 0 .906308 -.422618 3062b.dat
1 0 -90 -420.18966 13.913452 0 0 1 .422618 -.906308 0 .906308 .422618 0 4274.dat
1 0 -90 -455.689572 -62.21642 0 0 -1 -.422618 -.906308 0 -.906308 .422618 0 4274.dat
1 0 -90 -401.594468 53.791004 1 0 0 0 -.422618 .906308 0 -.906308 -.422618 4589.dat
1 0 -90 -469.213348 -91.218276 0 0 1 .906308 .422618 0 -.422618 .906308 0 4592.dat
1 7 -20 -463.230738 -97.318144 0 0 1 -.906308 -.422618 0 .422618 -.906308 0 3957a.dat
1 7 -20 -467.456918 -106.381224 0 0 1 .422618 -.906308 0 .906308 .422618 0 32002.dat





0 ROTATION CENTER 0 0 0 1 "Custom"
0 ROTATION CONFIG 0 0
0 Name: torsoup.dat

0 ROTATION CENTER 0 0 0 1 "Custom"
0 ROTATION CONFIG 0 0
0 Name: shell.dat
1 15 0 -385.373752 -48.663328 0 0 -1 -.422618 -.906308 0 -.906308 .422618 0 4854.dat
1 0 30 -372.07472 -76.93232 0 0 -1 -.422618 -.906308 0 -.906308 .422618 0 3700.dat
1 0 -30 -372.07472 -76.93232 0 0 -1 -.422618 -.906308 0 -.906308 .422618 0 3700.dat
1 0 -30 -359.39618 -49.74308 0 0 -1 -.422618 -.906308 0 -.906308 .422618 0 3005.dat
1 0 -30 -350.94382 -31.61692 1 0 0 0 -.906308 -.422618 0 .422618 -.906308 4070.dat
1 0 30 -350.94382 -31.61692 1 0 0 0 -.906308 -.422618 0 .422618 -.906308 4070.dat
1 0 30 -359.39618 -49.74308 0 0 -1 -.422618 -.906308 0 -.906308 .422618 0 3005.dat
1 15 0 -334.620504 -72.329936 0 0 -1 -.422618 -.906308 0 -.906308 .422618 0 4857.dat
1 15 30 -347.919536 -44.060944 0 0 -1 -.422618 -.906308 0 -.906308 .422618 0 3069b.dat
1 15 30 -364.824256 -80.313264 0 0 -1 -.422618 -.906308 0 -.906308 .422618 0 3069b.dat
1 15 -30 -356.371896 -62.187104 0 0 -1 -.422618 -.906308 0 -.906308 .422618 0 4625.dat
1 1 0 -292.940108 -58.664472 1 0 0 0 -.906308 -.422618 0 .422618 -.906308 2432.dat
1 1 0 -308.642932 -73.409688 1 0 0 0 -.906308 -.422618 0 .422618 -.906308 3004.dat
1 1 0 -286.89154 -83.55252 -1 0 0 0 -.906308 .422618 0 .422618 .906308 3937.dat
1 1 0 -395.057324 11.021084 -1 0 0 0 -.906308 .422618 0 .422618 .906308 314e.dat



0 ROTATION CENTER 0 0 0 1 "Custom"
0 ROTATION CONFIG 0 0
0 Name: guts.dat
1 0 0 -360.97428 -24.732888 1 0 0 0 .422618 -.906308 0 .906308 .422618 3022.dat
1 0 0 -381.259944 -68.235672 1 0 0 0 .422618 -.906308 0 .906308 .422618 4345b.dat
1 0 0 -381.259944 -68.235672 1 0 0 0 .422618 -.906308 0 .906308 .422618 4346.dat
1 0 0 -400.465856 -85.760884 1 0 0 0 .422618 -.906308 0 .906308 .422618 3004.dat
1 0 10 -382.339696 -94.213244 1 0 0 0 .422618 -.906308 0 .906308 .422618 4070.dat
1 0 -10 -382.339696 -94.213244 1 0 0 0 .422618 -.906308 0 .906308 .422618 4070.dat
1 0 0 -365.425204 -91.066816 1 0 0 0 -.906308 -.422618 0 .422618 -.906308 3023.dat
1 0 0 -358.17474 -94.44776 1 0 0 0 -.906308 -.422618 0 .422618 -.906308 3069b.dat
1 0 0 -401.076576 -63.408544 -1 0 0 0 -.906308 .422618 0 .422618 .906308 3956.dat
1 0 0 -398.164664 -104.487992 -1 0 0 0 .422618 .906308 0 .906308 -.422618 4508.dat



0 ROTATION CENTER 0 0 0 1 "Custom"
0 ROTATION CONFIG 0 0
0 Name: shldlow.dat
1 15 0 -310.323632 -110.140812 -1 0 0 0 .422618 .906308 0 .906308 -.422618 3937.dat
1 15 0 -300.1808 -88.38942 -1 0 0 0 .422618 .906308 0 .906308 -.422618 3938.dat



0 ROTATION CENTER 0 0 0 1 "Custom"
0 ROTATION CONFIG 0 0
0 Name: shldmid.dat
1 0 0 -470.62347446 -148.1680809 -1 0 0 0 .96772196 .2769736 0 .2769736 -.96772196 2452.dat
1 0 0 -462.88169878 -145.9522921 1 0 0 0 .96772196 -.2769736 0 .2769736 .96772196 3023.dat
1 0 0 -455.1399231 -143.7365033 1 0 0 0 .96772196 -.2769736 0 .2769736 .96772196 3023.dat
1 47 0 -447.39814742 -141.5207145 1 0 0 0 .96772196 -.2769736 0 .2769736 .96772196 2466.dat
1 15 0 -315.78796086 -103.8523049 1 0 0 0 .96772196 -.2769736 0 .2769736 .96772196 3938.dat



0 ROTATION CENTER 0 0 0 1 "Custom"
0 ROTATION CONFIG 0 0
0 Name: shldup.dat
1 0 0 -447.75190118 -107.61446216 0 0 -1 .68244258 .72998102 0 .72998102 -.68244258 0 4276b.dat
1 0 0 -453.59174934 -102.15492152 0 0 1 -.68244258 .72998102 0 -.72998102 -.68244258 0 4276b.dat



0 ROTATION CENTER 0 0 0 1 "Custom"
0 ROTATION CONFIG 0 0
0 Name: helmet.dat
1 1 14.29 -392.2535565 -148.74242496 -.11 -.11 -.99 -.939922 -.29871522 .1407831 -.31200448 .9447589 -.07668196 3937.dat
1 1 1.75 -398.01489078 -126.83503096 -.11 -.11 -.99 -.939922 -.29871522 .1407831 -.31200448 .9447589 -.07668196 3022.dat
1 7 -.23 -409.80383254 -122.39700456 .99 -.11 -.11 -.1407831 -.29871522 -.939922 .07668196 .9447589 -.31200448 3938.dat
1 1 -5.51 -389.4378945 -150.27606416 .11 -.11 .99 .939922 -.29871522 -.1407831 .31200448 .9447589 .07668196 3937.dat

0 ROTATION CENTER 0 0 0 1 "Custom"
0 ROTATION CONFIG 0 0
0 Name: eye.dat
1 1 18.932 -393.6241214112 -146.2284609636 .11 -.627 .7722 .939922 -.1748979108 -.2795640228 .31200448 .7521892176 .5745826524 3938.dat
1 47 25.048 -382.8257181248 -149.1259299044 .11 -.627 .7722 .939922 -.1748979108 -.2795640228 .31200448 .7521892176 .5745826524 6141.dat
1 47 22.848 -401.6241581248 -155.3660195044 .11 -.627 .7722 .939922 -.1748979108 -.2795640228 .31200448 .7521892176 .5745826524 6141.dat



0 ROTATION CENTER 0 0 0 1 "Custom"
0 ROTATION CONFIG 0 0
0 Name: eye.dat
1 1 -10.0332 -389.329080396 -149.0058410148 -.11 .4422 -.891 -.939922 -.3269436588 -.0430484148 -.31200448 .8350057344 .4457569596 3938.dat
1 47 -14.6708 -396.1127511256 -158.80593169 -.11 .4422 -.891 -.939922 -.3269436588 -.0430484148 -.31200448 .8350057344 .4457569596 6141.dat
1 47 -12.4708 -377.3143111256 -152.56584209 -.11 .4422 -.891 -.939922 -.3269436588 -.0430484148 -.31200448 .8350057344 .4457569596 6141.dat



0 ROTATION CENTER 0 0 0 1 "Custom"
0 ROTATION CONFIG 0 0
0 Name: neck.dat
1 7 -.2014 -397.9942062688 -105.0154490812 -.99 -.0033 .1551 .1407831 .4334712216 .8828573418 -.07668196 .8955094992 -.4272404154 3679.dat
1 7 -1.6732 -417.2260890052 -122.235272908 .99 -.0033 -.1551 -.1407831 .4334712216 -.8828573418 .07668196 .8955094992 .4272404154 3937.dat




1 0 0 -384.171856 -27.156224 0 0 -1 -.422618 -.906308 0 -.906308 .422618 0 3068b.dat



0 ROTATION CENTER 0 0 0 1 "Custom"
0 ROTATION CONFIG 0 0
0 Name: arml.dat

0 ROTATION CENTER 0 0 0 1 "Custom"
0 ROTATION CONFIG 0 0
0 Name: appendl.dat

0 ROTATION CENTER 0 0 0 1 "Custom"
0 ROTATION CONFIG 0 0
0 Name: 4arml.dat
1 0 95.3288 -211.4058923379 -63.189770411 .84 .1562 -.5254 -.0358682912 -.9490332285 -.3505952689 -.547321108 .3146121471 -.7876387174 3680.dat
1 0 96.5784 -218.9981581658 -60.6728732339 -.84 .1562 .5254 .0358682912 -.9490332285 .3505952689 .547321108 .3146121471 .7876387174 3940.dat
1 0 104.076 -264.5517531333 -45.5714901711 -.84 .1562 .5254 .0358682912 -.9490332285 .3505952689 .547321108 .3146121471 .7876387174 3022.dat
1 7 100.0716 -275.6499716504 -50.930980168 -.84 .1562 .5254 .0358682912 -.9490332285 .3505952689 .547321108 .3146121471 .7876387174 3938.dat

0 ROTATION CENTER 0 0 0 1 "Custom"
0 ROTATION CONFIG 0 0
0 Name: handl.dat

0 ROTATION CENTER 0 0 0 1 "Custom"
0 ROTATION CONFIG 0 0
0 Name: wristl.dat
1 0 85.6792 -203.454943598 -60.2334565082 .5254 .1562 .84 .3505952689 -.9490332285 -.0358682912 .7876387174 .3146121471 -.547321108 2452.dat
1 0 102.4792 -204.172309422 -71.1798786682 -.5254 .1562 -.84 -.3505952689 -.9490332285 .0358682912 -.7876387174 .3146121471 .547321108 2452.dat
1 7 95.3288 -211.4058923379 -63.189770411 -.5254 .1562 -.84 -.3505952689 -.9490332285 .0358682912 -.7876387174 .3146121471 .547321108 3679.dat



0 ROTATION CENTER 0 0 0 1 "Custom"
0 ROTATION CONFIG 0 0
0 Name: fingerl.dat
1 0 75.504782 -180.5074299758 -63.551587805 -.083686 -.858536 -.5254 -.9105191101 .3005215464 -.3505952689 .458423693 .4428100736 -.7876387174 4276b.dat
1 7 82.37307 -182.9116023474 -67.0940683935 -.083686 -.858536 -.5254 -.9105191101 .3005215464 -.3505952689 .458423693 .4428100736 -.7876387174 2412a.dat



0 ROTATION CENTER 0 0 0 1 "Custom"
0 ROTATION CONFIG 0 0
0 Name: fingerl.dat
1 0 105.556892 -181.3666019454 -83.3200982041 .369914 .774188 .5254 -.9298879873 .2119563969 .3505952689 .1628702946 -.612700633 .7876387174 4276b.dat
1 7 99.363388 -183.062253121 -78.41849314 .369914 .774188 .5254 -.9298879873 .2119563969 .3505952689 .1628702946 -.612700633 .7876387174 2412a.dat







0 ROTATION CENTER 0 0 0 1 "Custom"
0 ROTATION CONFIG 0 0
0 Name: uparml.dat
1 0 104.12 -275.7967702152 -44.6443815232 -.84 -.26 .48 .0358682912 -.9152313362 -.4214351828 .547321108 -.333117303 .7762330032 3937.dat
1 0 101.16 -298.5104923384 -28.9763872272 .48 -.26 .84 -.4214351828 -.9152313362 -.0358682912 .7762330032 -.333117303 -.547321108 4085c.dat
1 0 117.96 -299.2278581624 -39.9228093872 .84 -.26 -.48 -.0358682912 -.9152313362 .4214351828 -.547321108 -.333117303 -.7762330032 6019.dat
1 0 111.64 -291.5473245608 -31.7846598832 .84 -.26 -.48 -.0358682912 -.9152313362 .4214351828 -.547321108 -.333117303 -.7762330032 3023.dat
1 0 113.72 -284.2254738712 -29.1197214592 .84 -.26 -.48 -.0358682912 -.9152313362 .4214351828 -.547321108 -.333117303 -.7762330032 3069b.dat
1 0 102.68 -301.976674112 -44.8768667632 .84 -.26 -.48 -.0358682912 -.9152313362 .4214351828 -.547321108 -.333117303 -.7762330032 3940.dat
1 0 90.2 -345.9077782496 -60.8664973072 .84 -.26 -.48 -.0358682912 -.9152313362 .4214351828 -.547321108 -.333117303 -.7762330032 3941.dat
1 7 83.96 -367.8733303184 -68.8613125792 .84 -.26 -.48 -.0358682912 -.9152313362 .4214351828 -.547321108 -.333117303 -.7762330032 3679.dat



0 ROTATION CENTER 0 0 0 1 "Custom"
0 ROTATION CONFIG 0 0
0 Name: gun.dat
1 7 148.9368 -304.2341181538 -35.9748669372 -.26 -.84 -.48 -.9152313362 .0358682912 .4214351828 -.333117303 .547321108 -.7762330032 4360.dat
1 7 154.6968 -260.0160676866 -15.6066675292 -.84 -.26 .48 .0358682912 -.9152313362 -.4214351828 .547321108 -.333117303 .7762330032 3957a.dat
1 7 175.4968 -186.7975607906 11.0427167108 .26 .84 -.48 .9152313362 -.0358682912 .4214351828 .333117303 -.547321108 -.7762330032 32002.dat
1 7 133.3768 -335.065037255 -42.9222863752 .26 .84 -.48 .9152313362 -.0358682912 .4214351828 .333117303 -.547321108 -.7762330032 32002.dat


0 MLCAD HIDE 1 0 32.68 84 -20 0 1 0 1 0 0 0 0 -1 lamp.dat



0 ROTATION CENTER 0 0 0 1 "Custom"
0 ROTATION CONFIG 0 0
0 Name: socketl.dat

0 ROTATION CENTER 0 0 0 1 "Custom"
0 ROTATION CONFIG 0 0
0 Name: shouldl.dat
1 15 80 -380.6062296 -72.512664 -1 0 0 0 -.94353746 -.3434199 0 -.3434199 .94353746 4854.dat
1 15 50 -373.05792992 -69.7653048 0 0 1 -.3434199 -.94353746 0 .94353746 -.3434199 0 2458.dat
1 15 110 -373.05792992 -69.7653048 0 0 1 -.3434199 -.94353746 0 .94353746 -.3434199 0 4865a.dat
1 15 80 -383.36052692 -41.459181 -1 0 0 0 -.94353746 -.3434199 0 -.3434199 .94353746 3710.dat
1 15 80 -362.75533292 -98.0714286 -1 0 0 0 -.94353746 -.3434199 0 -.3434199 .94353746 3710.dat
1 15 50 -365.50963024 -67.0179456 0 0 -1 .3434199 -.94353746 0 -.94353746 -.3434199 0 3710.dat
1 15 70 -388.15452928 -75.2600232 0 0 -1 .3434199 -.94353746 0 -.94353746 -.3434199 0 3023.dat
1 0 80 -332.5621342 -87.0819918 -1 0 0 0 -.94353746 -.3434199 0 -.3434199 .94353746 2432.dat
1 0 80 -353.1673282 -30.4697442 1 0 0 0 -.94353746 .3434199 0 -.3434199 -.94353746 2432.dat



0 ROTATION CENTER 0 0 0 1 "Custom"
0 ROTATION CONFIG 0 0
0 Name: armpit.dat
1 0 72 -373.05792992 -69.7653048 0 -.26 .97 -.3434199 -.9152313362 -.2453197396 .94353746 -.333117303 -.089289174 6134.dat
1 0 84 -368.34024262 -68.0482053 0 -.26 .97 -.3434199 -.9152313362 -.2453197396 .94353746 -.333117303 -.089289174 3680.dat
1 0 70 -373.05792992 -69.7653048 0 0 -1 .3434199 -.94353746 0 -.94353746 -.3434199 0 3937.dat







0 ROTATION CENTER 0 0 0 1 "Custom"
0 ROTATION CONFIG 0 0
0 Name: armr.dat

0 ROTATION CENTER 0 0 0 1 "Custom"
0 ROTATION CONFIG 0 0
0 Name: socketr.dat

0 ROTATION CENTER 0 0 0 1 "Custom"
0 ROTATION CONFIG 0 0
0 Name: shouldr.dat
1 15 -80 -379.808874 -72.22245 -1 0 0 0 -.94353746 -.3434199 0 -.3434199 .94353746 4854.dat
1 15 -50 -372.26057432 -69.4750908 0 0 -1 .3434199 -.94353746 0 -.94353746 -.3434199 0 2458.dat
1 15 -110 -372.26057432 -69.4750908 0 0 -1 .3434199 -.94353746 0 -.94353746 -.3434199 0 4865a.dat
1 15 -80 -382.56317132 -41.168967 -1 0 0 0 -.94353746 -.3434199 0 -.3434199 .94353746 3710.dat
1 15 -80 -361.95797732 -97.7812146 -1 0 0 0 -.94353746 -.3434199 0 -.3434199 .94353746 3710.dat
1 15 -50 -364.71227464 -66.7277316 0 0 -1 .3434199 -.94353746 0 -.94353746 -.3434199 0 3710.dat
1 0 -80 -331.7647786 -86.7917778 -1 0 0 0 -.94353746 -.3434199 0 -.3434199 .94353746 2432.dat
1 0 -80 -352.3699726 -30.1795302 1 0 0 0 -.94353746 .3434199 0 -.3434199 -.94353746 2432.dat



0 ROTATION CENTER 0 0 0 1 "Custom"
0 ROTATION CONFIG 0 0
0 Name: armpit.dat
1 0 -72 -372.26057432 -69.4750908 0 .26 -.97 .3434199 -.9152313362 -.2453197396 -.94353746 -.333117303 -.089289174 6134.dat
1 0 -84 -367.54288702 -67.7579913 0 .26 -.97 .3434199 -.9152313362 -.2453197396 -.94353746 -.333117303 -.089289174 3680.dat
1 0 -70 -372.26057432 -69.4750908 0 0 1 -.3434199 -.94353746 0 .94353746 -.3434199 0 3937.dat


1 15 -60 -387.35717368 -74.9698092 0 0 1 -.3434199 -.94353746 0 .94353746 -.3434199 0 3023.dat



0 ROTATION CENTER 0 0 0 1 "Custom"
0 ROTATION CONFIG 0 0
0 Name: appendr.dat

0 ROTATION CENTER 0 0 0 1 "Custom"
0 ROTATION CONFIG 0 0
0 Name: uparmr.dat
1 0 -89.92 -345.6150764496 -59.776912824 -.84 .26 -.48 -.0358682912 -.9152313362 -.4214351828 -.547321108 -.333117303 .7762330032 3941.dat
1 7 -83.68 -367.5806285184 -67.771728096 -.84 .26 -.48 -.0358682912 -.9152313362 -.4214351828 -.547321108 -.333117303 .7762330032 3679.dat
1 0 -102.4 -301.683972312 -43.78728228 -.84 .26 -.48 -.0358682912 -.9152313362 -.4214351828 -.547321108 -.333117303 .7762330032 3940.dat
1 0 -103.84 -275.5040684152 -43.55479704 -.84 .26 -.48 -.0358682912 -.9152313362 -.4214351828 -.547321108 -.333117303 .7762330032 3937.dat
1 7 -109.28 -298.5764734504 -33.360013824 -.84 .26 -.48 -.0358682912 -.9152313362 -.4214351828 -.547321108 -.333117303 .7762330032 4590.dat
1 0 -111.36 -291.2546227608 -30.6950754 -.84 .26 -.48 -.0358682912 -.9152313362 -.4214351828 -.547321108 -.333117303 .7762330032 3023.dat
1 0 -113.44 -283.9327720712 -28.030136976 -.84 .26 -.48 -.0358682912 -.9152313362 -.4214351828 -.547321108 -.333117303 .7762330032 3069b.dat
1 7 -84.72 -316.3584779216 -14.5079274 -.84 .26 -.48 -.0358682912 -.9152313362 -.4214351828 -.547321108 -.333117303 .7762330032 3062b.dat
1 7 -135.12 -318.5105753936 -47.34719388 -.84 .26 -.48 -.0358682912 -.9152313362 -.4214351828 -.547321108 -.333117303 .7762330032 3062b.dat
1 7 -95.12 -279.7492244736 -1.18323528 -.84 .26 -.48 -.0358682912 -.9152313362 -.4214351828 -.547321108 -.333117303 .7762330032 3062b.dat
1 7 -145.52 -281.9013219456 -34.02250176 -.84 .26 -.48 -.0358682912 -.9152313362 -.4214351828 -.547321108 -.333117303 .7762330032 3062b.dat
1 7 -151.76 -259.9357698768 -26.027686488 -.84 .26 -.48 -.0358682912 -.9152313362 -.4214351828 -.547321108 -.333117303 .7762330032 4589.dat
1 7 -101.36 -257.7836724048 6.811579992 -.84 .26 -.48 -.0358682912 -.9152313362 -.4214351828 -.547321108 -.333117303 .7762330032 4589.dat



0 ROTATION CENTER 0 0 0 1 "Custom"
0 ROTATION CONFIG 0 0
0 Name: 4armr.dat
1 0 -98.72 -234.4164805384 -54.6295674336 -.84 -.1562 -.5254 -.0358682912 -.9490332285 .3505952689 -.547321108 .3146121471 .7876387174 3680.dat

0 ROTATION CENTER 0 0 0 1 "Custom"
0 ROTATION CONFIG 0 0
0 Name: handr.dat

0 ROTATION CENTER 0 0 0 1 "Custom"
0 ROTATION CONFIG 0 0
0 Name: wristr.dat
1 0 -89.0704 -226.4655317985 -51.6732535307 .5254 -.1562 -.84 -.3505952689 -.9490332285 -.0358682912 -.7876387174 .3146121471 -.547321108 2452.dat
1 0 -105.8704 -227.1828976225 -62.6196756907 -.5254 -.1562 .84 .3505952689 -.9490332285 .0358682912 .7876387174 .3146121471 .547321108 2452.dat
1 0 -96.2208 -219.2319488826 -59.6633617879 .5254 -.1562 -.84 -.3505952689 -.9490332285 -.0358682912 -.7876387174 .3146121471 -.547321108 3068b.dat
1 7 -98.72 -234.4164805384 -54.6295674336 .5254 -.1562 -.84 -.3505952689 -.9490332285 -.0358682912 -.7876387174 .3146121471 -.547321108 3679.dat



0 ROTATION CENTER 0 0 0 1 "Custom"
0 ROTATION CONFIG 0 0
0 Name: fingerr.dat
1 7 -76.03126 -197.9205620003 -55.5440232209 -.284106 .8089 .5254 .8077247632 .5057220276 -.3505952689 -.547373122 .3188632904 -.7876387174 4626.dat
1 0 -53.910632 -221.5339946152 -30.2797585189 .5254 -.284106 .8089 -.3505952689 .8077247632 .5057220276 -.7876387174 -.547373122 .3188632904 3069b.dat




























0 ROTATION CENTER 0 0 0 1 "Custom"
0 ROTATION CONFIG 0 0
0 Name: fingerr.dat
1 7 -109.63126 -199.3552936483 -77.4368675409 .555894 -.6527 -.5254 .8435930544 .4433112009 .3505952689 -.000052014 -.6334754375 .7876387174 4626.dat
1 0 -139.893032 -225.2054729024 -86.3035471338 -.5254 .555894 -.6527 .3505952689 .8435930544 .4433112009 .7876387174 -.000052014 -.6334754375 3069b.dat





























1 0 -99.9696 -242.0087463663 -52.1126702565 -.84 -.1562 -.5254 -.0358682912 -.9490332285 .3505952689 -.547321108 .3146121471 .7876387174 3941.dat
1 0 -103.7184 -264.7855438501 -44.5619787251 -.84 -.1562 -.5254 -.0358682912 -.9490332285 .3505952689 -.547321108 .3146121471 .7876387174 3022.dat
1 7 -99.714 -275.8837623671 -49.9214687219 -.84 -.1562 -.5254 -.0358682912 -.9490332285 .3505952689 -.547321108 .3146121471 .7876387174 3938.dat












