0 New Model
0 Name: complete.dat
0 Author: Michael Horvath
0 This work is licensed under a Creative Commons Attribution-ShareAlike 4.0
0 International License. You should have received a copy of the license along
0 with this work. If not, see <http://creativecommons.org/licenses/by-sa/4.0/>.
0 Unofficial Model
0 ROTATION CENTER 0 0 0 1 "Custom"
0 ROTATION CONFIG 0 0
0 complete.dat
0 ROTATION CENTER 0 0 0 1 "Custom"
0 ROTATION CONFIG 0 0
1 1 0 -48 -250 -1 0 0 0 1 0 0 0 -1 3039p23.dat
1 1 0 -80 -150 1 0 0 0 1 0 0 0 1 2432.dat
1 1 0 -56 -270 1 0 0 0 1 0 0 0 1 3048b.dat
1 1 0 -48 -140 0 0 1 0 1 0 -1 0 0 6215.dat
1 1 0 -72 -250 -1 0 0 0 1 0 0 0 -1 3937.dat
1 0 60 -40 -240 1 0 0 0 1 0 0 0 1 3933.dat
1 0 -60 -40 -240 1 0 0 0 1 0 0 0 1 3934.dat
1 0 -120 -40 -100 1 0 0 0 1 0 0 0 1 3934.dat
1 0 120 -40 -100 1 0 0 0 1 0 0 0 1 3933.dat
1 0 220 -40 40 0 0 -1 0 1 0 1 0 0 6104.dat
1 0 -220 -40 40 0 0 1 0 1 0 -1 0 0 6104.dat
1 0 80 -40 140 0 0 -1 0 1 0 1 0 0 3933.dat
1 0 -80 -40 140 0 0 1 0 1 0 -1 0 0 3934.dat
1 0 80 -32 -160 1 0 0 0 1 0 0 0 1 3933.dat
1 0 40 -32 -280 1 0 0 0 1 0 0 0 1 41770.dat
1 0 -40 -32 -280 1 0 0 0 1 0 0 0 1 41769.dat
1 0 0 -32 -300 1 0 0 0 1 0 0 0 1 3022.dat
1 0 -80 -32 -160 1 0 0 0 1 0 0 0 1 3934.dat
1 0 120 -32 -40 0 0 -1 0 1 0 1 0 0 3934.dat
1 0 -120 -32 -40 0 0 1 0 1 0 -1 0 0 3933.dat
1 0 130 -32 40 0 0 -1 0 1 0 1 0 0 2413.dat
1 0 -130 -32 40 0 0 1 0 1 0 -1 0 0 2413.dat
1 0 120 -32 120 0 0 -1 0 1 0 1 0 0 3933.dat
1 0 -120 -32 120 0 0 1 0 1 0 -1 0 0 3934.dat
1 15 50 -40 -80 0 0 1 0 1 0 -1 0 0 3460.dat
1 15 40 -40 90 1 0 0 0 1 0 0 0 1 3023.dat
1 15 -60 -40 -80 0 0 1 0 1 0 -1 0 0 3034.dat
1 15 -50 -88 -40 0 0 1 0 1 0 -1 0 0 4863.dat
1 15 70 -40 -80 0 0 1 0 1 0 -1 0 0 3460.dat
1 15 -100 -40 90 -1 0 0 0 1 0 0 0 -1 3710.dat
1 0 0 -40 -300 -1 0 0 0 1 0 0 0 -1 3022.dat
1 15 100 -40 90 1 0 0 0 1 0 0 0 1 3710.dat
1 15 -110 -40 -10 1 0 0 0 1 0 0 0 1 3623.dat
1 15 110 -40 -10 1 0 0 0 1 0 0 0 1 3623.dat
1 0 -150 -40 -30 1 0 0 0 1 0 0 0 1 3024.dat
1 0 150 -40 -30 1 0 0 0 1 0 0 0 1 3024.dat
1 40 0 -112 -240 1 0 0 0 1 0 0 0 1 32086.dat
1 1 0 -32 -190 1 0 0 0 1 0 0 0 1 3069b.dat
1 1 0 -32 -210 1 0 0 0 1 0 0 0 1 3023.dat
1 15 -50 -88 -120 0 0 1 0 1 0 -1 0 0 4863.dat
1 15 -30 -112 -100 0 0 1 0 1 0 -1 0 0 2875.dat
1 15 -30 -112 -20 0 0 1 0 1 0 -1 0 0 3039.dat
1 15 30 -112 -20 0 0 -1 0 1 0 1 0 0 3039.dat
1 15 -45 -108 40 0 .707107 -.707106 0 -.707106 -.707107 -1 0 0 30161.dat
1 15 45 -108 40 0 -.707107 .707106 0 -.707106 -.707107 1 0 0 30161.dat
1 15 -10 -136 -20 0 0 1 0 1 0 -1 0 0 30382.dat
1 15 -30 -112 40 0 0 1 0 1 0 -1 0 0 4315.dat
1 15 30 -112 40 0 0 -1 0 1 0 1 0 0 4315.dat
1 15 10 -136 -20 0 0 -1 0 1 0 1 0 0 30382.dat
1 15 -60 -68 40 0 1 0 0 0 1 1 0 0 2873.dat
1 15 60 -68 40 0 -1 0 0 0 1 -1 0 0 2873.dat
1 15 0 -112 -100 0 0 1 0 1 0 -1 0 0 3032.dat
1 15 0 -112 20 0 0 1 0 1 0 -1 0 0 3032.dat
1 15 30 -112 -100 0 0 -1 0 1 0 1 0 0 2875.dat
1 15 50 -88 -40 0 0 -1 0 1 0 1 0 0 4863.dat
1 15 50 -88 -120 0 0 -1 0 1 0 1 0 0 4863.dat
1 40 50 -88 -140 0 0 -1 0 1 0 1 0 0 4862.dat
1 40 -50 -88 -140 0 0 1 0 1 0 -1 0 0 4862.dat
1 40 -50 -88 -100 0 0 1 0 1 0 -1 0 0 4862.dat
1 40 -50 -88 -60 0 0 1 0 1 0 -1 0 0 4862.dat
1 40 -50 -88 -20 0 0 1 0 1 0 -1 0 0 4862.dat
1 40 50 -88 -100 0 0 -1 0 1 0 1 0 0 4862.dat
1 40 50 -88 -60 0 0 -1 0 1 0 1 0 0 4862.dat
1 40 50 -88 -20 0 0 -1 0 1 0 1 0 0 4862.dat
1 15 -30 -64 140 0 0 1 0 1 0 -1 0 0 3004.dat
1 15 30 -64 140 0 0 1 0 1 0 -1 0 0 3004.dat
1 15 0 -64 210 1 0 0 0 1 0 0 0 1 4856.dat
1 0 -40 -24 100 -1 0 0 0 1 0 0 0 -1 41765.dat
1 0 -10 -24 60 -1 0 0 0 1 0 0 0 -1 42023.dat
1 0 10 -24 60 -1 0 0 0 1 0 0 0 -1 42023.dat
1 0 -10 -24 -220 1 0 0 0 1 0 0 0 1 42023.dat
1 0 10 -24 -220 1 0 0 0 1 0 0 0 1 42023.dat
1 0 0 -24 0 0 0 1 0 1 0 -1 0 0 30283.dat
1 0 0 -24 -80 0 0 1 0 1 0 -1 0 0 30283.dat
1 0 0 -24 -160 0 0 1 0 1 0 -1 0 0 30283.dat
1 0 -40 -24 -260 1 0 0 0 1 0 0 0 1 41764.dat
1 0 40 -24 -260 1 0 0 0 1 0 0 0 1 41765.dat
1 0 40 -24 100 -1 0 0 0 1 0 0 0 -1 41764.dat
1 15 0 -72 280 1 0 0 0 1 0 0 0 1 3474.dat
1 15 0 -88 260 -1 0 0 0 1 0 0 0 -1 4859.dat
1 15 -40 -112 120 -1 0 0 0 1 0 0 0 -1 43721.dat
1 15 -40 -88 120 -1 0 0 0 1 0 0 0 -1 41768.dat
1 15 -40 -64 120 -1 0 0 0 1 0 0 0 -1 41768.dat
1 15 40 -64 120 -1 0 0 0 1 0 0 0 -1 41767.dat
1 15 40 -88 120 -1 0 0 0 1 0 0 0 -1 41767.dat
1 15 40 -112 120 -1 0 0 0 1 0 0 0 -1 43720.dat
1 15 0 -112 210 -1 0 0 0 1 0 0 0 -1 4858.dat
1 15 0 -88 180 -1 0 0 0 1 0 0 0 -1 3001.dat
1 15 0 -88 210 -1 0 0 0 1 0 0 0 -1 3010.dat
1 15 -20 -112 190 -1 0 0 0 1 0 0 0 -1 30365.dat
1 15 -20 -112 170 -1 0 0 0 1 0 0 0 -1 30365.dat
1 15 20 -112 170 1 0 0 0 1 0 0 0 1 30365.dat
1 15 0 -112 210 1 0 0 0 1 0 0 0 1 3004.dat
1 15 0 -112 150 1 0 0 0 1 0 0 0 1 3004.dat
0 MLCAD HIDE 1 15 0 -136 240 1 0 0 0 1 0 0 0 1 4746.dat
0 MLCAD HIDE 1 15 0 -116 280 0 0 -1 -1 0 0 0 1 0 6233.dat
1 15 20 -112 190 1 0 0 0 1 0 0 0 1 30365.dat
0 Untitled
0 Name: enginer.dat
0 Author: MLCad
0 ROTATION CENTER 0 0 0 1 "Custom"
0 ROTATION CONFIG 0 0
1 15 -122.71572 -135.71572 170 0 .707107 .707107 0 .707107 -.707107 -1 0 0 30165.dat
0 Unofficial Model
1 15 -173.627424 -186.627424 210 .707107 .707107 0 -.707107 .707107 0 0 0 1 2340.dat
1 15 -101.50251 -114.50251 170 .707107 .707107 0 -.707107 .707107 0 0 0 1 30360.dat
1 15 -94.43144 -107.43144 160 0 .707107 .707107 0 .707107 -.707107 -1 0 0 2341.dat
1 15 -94.43144 -107.43144 180 0 .707107 -.707107 0 .707107 .707107 1 0 0 2341.dat
1 0 -101.50251 -114.50251 86 -.707107 0 .707107 .707107 0 .707107 0 1 0 3942b.dat
1 0 -101.50251 -114.50251 219 -.707107 0 .707107 .707107 0 .707107 0 1 0 3941.dat
1 15 -70.389802 -83.389802 190 .707107 .707107 0 -.707107 .707107 0 0 0 1 44301.dat
1 15 -70.389802 -83.389802 170 .707107 .707107 0 -.707107 .707107 0 0 0 1 44301.dat
1 15 -76.046658 -89.046658 180 -.707107 .707107 0 .707107 .707107 0 0 0 -1 2460.dat
1 15 -179.28428 -192.28428 210 0 .707107 .707107 0 .707107 -.707107 -1 0 0 3069b.dat


0 Untitled
0 Name: enginel.dat
0 ROTATION CENTER 0 0 0 1 "Custom"
0 ROTATION CONFIG 0 0
1 15 178.28428 -193.28428 210 0 -.707107 -.707107 0 .707107 -.707107 1 0 0 3069b.dat
0 Author: MLCad
1 15 121.71572 -136.71572 170 0 -.707107 -.707107 0 .707107 -.707107 1 0 0 30165.dat
0 Unofficial Model
1 15 172.627424 -187.627424 210 .707107 -.707107 0 .707107 .707107 0 0 0 1 2340.dat
1 15 100.50251 -115.50251 170 .707107 -.707107 0 .707107 .707107 0 0 0 1 30360.dat
1 15 93.43144 -108.43144 160 0 -.707107 .707107 0 .707107 .707107 -1 0 0 2341.dat
1 15 93.43144 -108.43144 180 0 -.707107 -.707107 0 .707107 -.707107 1 0 0 2341.dat
1 0 100.50251 -115.50251 86 -.707107 0 -.707107 -.707107 0 .707107 0 1 0 3942b.dat
1 0 100.50251 -115.50251 219 -.707107 0 -.707107 -.707107 0 .707107 0 1 0 3941.dat
1 15 69.389802 -84.389802 170 -.707107 -.707107 0 -.707107 .707107 0 0 0 -1 44301.dat
1 15 69.389802 -84.389802 190 -.707107 -.707107 0 -.707107 .707107 0 0 0 -1 44301.dat
1 15 75.046658 -90.046658 180 -.707107 -.707107 0 -.707107 .707107 0 0 0 -1 2460.dat


1 15 0 -80 260 -1 0 0 0 1 0 0 0 -1 4859.dat
1 15 80 -80 260 0 0 -1 0 1 0 1 0 0 4859.dat
1 15 -80 -80 260 0 0 1 0 1 0 -1 0 0 4859.dat
1 15 -20 -80 290 1 0 0 0 1 0 0 0 1 2412b.dat
1 15 -50 -80 260 0 0 -1 0 1 0 1 0 0 3069b.dat
1 15 50 -80 260 0 0 -1 0 1 0 1 0 0 3069b.dat
1 15 20 -80 290 1 0 0 0 1 0 0 0 1 2412b.dat
1 0 0 -40 170 -1 0 0 0 1 0 0 0 -1 3023.dat
1 0 0 -32 150 1 0 0 0 1 0 0 0 1 3666.dat
1 15 -50 -40 40 0 0 -1 0 1 0 1 0 0 4625.dat
1 15 50 -40 40 0 0 1 0 1 0 -1 0 0 4625.dat
0 Untitled
0 Name: shuttle.dat
0 Author: MLCad
0 Unofficial Model
1 15 -100 -40 40 0 0 -1 0 1 0 1 0 0 6179.dat
1 15 100 -40 40 0 0 1 0 1 0 -1 0 0 6179.dat
1 0 160 -40 40 0 0 1 0 1 0 -1 0 0 3020.dat
1 0 -160 -40 40 0 0 1 0 1 0 -1 0 0 3020.dat
1 0 -190 -40 40 0 0 -1 0 1 0 1 0 0 3023.dat
1 0 190 -40 40 0 0 -1 0 1 0 1 0 0 3023.dat
0 Untitled
0 Name: control.dat
0 Author: MLCad
0 Unofficial Model
0 ROTATION CENTER 0 0 0 1 "Custom"
0 ROTATION CONFIG 0 0
1 1 -.172 -65.904552 -240.858592 1 0 0 0 .258819 .965926 0 -.965926 .258819 3938.dat
1 1 -.172 -67.975104 -233.131184 -1 0 0 0 .258819 -.965926 0 -.965926 -.258819 4623.dat
1 15 -.172 -70.045656 -225.403776 -1 0 0 0 .258819 -.965926 0 -.965926 -.258819 3069bp52.dat


















0 MLCAD HIDE 1 0 0 0 0 1 0 0 0 1 0 0 0 1 axis_32s.dat


